format long
[a, b] = quadroots(2, 9, 7)

a =

  -3.500000000000000


b =

    -1

[c, d] = quadroots(1, 62.10, 1)

c =

 -62.083892762591034


d =

  -0.016107237408967


[e, f] = quadroots(1, 9^12, -3)

e =

    -2.824295364810000e+11


f =

     0

diary off
